# oST version 5.0 parameters


[image]

width
640

height
480

[narrow_stereo]

camera matrix
506.857008 0.000000 311.541447
0.000000 511.072198 257.798417
0.000000 0.000000 1.000000

distortion
0.047441 -0.104070 0.006161 0.000338 0.000000

rectification
1.000000 0.000000 0.000000
0.000000 1.000000 0.000000
0.000000 0.000000 1.000000

projection
495.069031 0.000000 311.021543 0.000000
0.000000 502.762878 262.422212 0.000000
0.000000 0.000000 1.000000 0.000000

