image_width: 640
image_height: 480
camera_name: narrow_stereo
camera_matrix:
  rows: 3
  cols: 3
  data: [506.857008, 0.000000, 311.541447, 0.000000, 511.072198, 257.798417, 0.000000, 0.000000, 1.000000]
distortion_model: plumb_bob
distortion_coefficients:
  rows: 1
  cols: 5
  data: [0.047441, -0.104070, 0.006161, 0.000338, 0.000000]
rectification_matrix:
  rows: 3
  cols: 3
  data: [1.000000, 0.000000, 0.000000, 0.000000, 1.000000, 0.000000, 0.000000, 0.000000, 1.000000]
projection_matrix:
  rows: 3
  cols: 4
  data: [495.069031, 0.000000, 311.021543, 0.000000, 0.000000, 502.762878, 262.422212, 0.000000, 0.000000, 0.000000, 1.000000, 0.000000]
